0.5
1
1.5
2
2.5
3
3.5
4
4.5
5
5.5
6
6.5
7
7.5
8
8.5
9
9.5
10
10.5
11
11.5
12
12.5
13
13.5
14
14.5
15
15.5
16
16.5
17
17.5
18
18.5
19
19.5
20
20.5
21
21.5
22
22.5
23
23.5
24
24.5
25
25.5
26
26.5
27
27.5
28
28.5
29
29.5
30
30.5
31
31.5
32
32.5
33
33.25
33.5
33.75
34
34.25
34.5
34.75
35
35.25
35.5
35.75
36
36.1
36.2
36.3
36.4
36.5
36.6
36.7
36.8
36.9
37
37.025
37.05
37.075
37.1
37.125
37.15
37.175
37.2
37.225
37.25
37.275
37.3
37.325
37.35
37.375
37.4
37.425
37.45
37.475
37.5
37.525
37.55
37.575
37.6
37.625
37.65
37.675
37.7
37.725
37.75
37.775
37.8
37.825
37.85
37.875
37.9
37.925
37.95
37.975
38
38.025
38.05
38.075
38.1
38.125
38.15
38.175
38.2
38.225
38.25
38.275
38.3
38.325
38.35
38.375
38.4
38.425
38.45
38.475
38.5
38.525
38.55
38.575
38.6
38.625
38.65
38.675
38.7
38.725
38.75
38.775
38.8
38.825
38.85
38.875
38.9
38.925
38.95
38.975
39
39.025
39.05
39.075
39.1
39.125
39.15
39.175
39.2
39.225
39.25
39.275
39.3
39.325
39.35
39.375
39.4
39.425
39.45
39.475
39.5
39.525
39.55
39.575
39.6
39.625
39.65
39.675
39.7
39.725
39.75
39.775
39.8
39.825
39.85
39.875
39.9
39.925
39.95
39.975
40
40.025
40.05
40.075
40.1
40.125
40.15
40.175
40.2
40.225
40.25
40.275
40.3
40.325
40.35
40.375
40.4
40.425
40.45
40.475
40.5
40.525
40.55
40.575
40.6
40.625
40.65
40.675
40.7
40.725
40.75
40.775
40.8
40.825
40.85
40.875
40.9
40.925
40.95
40.975
41
41.025
41.05
41.075
41.1
41.125
41.15
41.175
41.2
41.225
41.25
41.275
41.3
41.325
41.35
41.375
41.4
41.425
41.45
41.475
41.5
41.525
41.55
41.575
41.6
41.625
41.65
41.675
41.7
41.725
41.75
41.775
41.8
41.825
41.85
41.875
41.9
41.925
41.95
41.975
42
42.025
42.05
42.075
42.1
42.125
42.15
42.175
42.2
42.225
42.25
42.275
42.3
42.325
42.35
42.375
42.4
42.425
42.45
42.475
42.5
42.525
42.55
42.575
42.6
42.625
42.65
42.675
42.7
42.725
42.75
42.775
42.8
42.825
42.85
42.875
42.9
42.925
42.95
42.975
